Camera matrix : 

[[1.26311624e+03 0.00000000e+00 4.36799336e+02]
 [0.00000000e+00 1.27403530e+03 1.40180801e+02]
 [0.00000000e+00 0.00000000e+00 1.00000000e+00]]
dist : 

[[ 0.03286674  1.0119733  -0.04285222 -0.00439772 -2.92599896]]
rvecs : 

[array([[-0.05099622],
       [ 0.01852142],
       [-0.04052359]]), array([[-0.04514089],
       [ 0.03494811],
       [-0.03761972]]), array([[-0.04307238],
       [ 0.06449512],
       [-0.03451813]]), array([[-0.0428104 ],
       [ 0.06038285],
       [-0.03202625]]), array([[-0.05035071],
       [ 0.05223033],
       [-0.03429286]]), array([[-0.05938922],
       [ 0.02514503],
       [-0.04070079]]), array([[-0.04820514],
       [ 0.00587617],
       [-0.03726751]]), array([[-0.04250498],
       [ 0.00302352],
       [-0.0350786 ]]), array([[-0.04359117],
       [ 0.00692567],
       [-0.0355723 ]]), array([[-0.04635779],
       [ 0.00756214],
       [-0.03667106]]), array([[-0.05881045],
       [ 0.00848847],
       [-0.03961352]]), array([[-0.06351535],
       [ 0.00497457],
       [-0.04014807]]), array([[-0.06646688],
       [ 0.00532469],
       [-0.03956936]]), array([[-0.06565679],
       [-0.00049393],
       [-0.03806494]]), array([[-0.06710203],
       [-0.00741047],
       [-0.03569395]]), array([[-0.06344101],
       [-0.01294528],
       [-0.03258191]]), array([[-0.05287854],
       [-0.02231764],
       [-0.02855399]]), array([[-0.04214619],
       [-0.03146787],
       [-0.02661781]]), array([[-0.03974648],
       [-0.03530071],
       [-0.02447811]]), array([[-0.0511645 ],
       [-0.04592905],
       [-0.01747811]]), array([[-0.05655965],
       [-0.05459261],
       [-0.01476435]]), array([[-0.06058816],
       [-0.07742745],
       [-0.01389111]]), array([[-0.06001314],
       [-0.0910143 ],
       [-0.01432172]]), array([[-0.06332746],
       [-0.12517113],
       [-0.01671018]]), array([[-0.06531939],
       [-0.1428352 ],
       [-0.01739876]]), array([[-0.068475  ],
       [-0.18373267],
       [-0.01788431]]), array([[-0.07131264],
       [-0.23382962],
       [-0.0181494 ]]), array([[-0.07255336],
       [-0.26010826],
       [-0.01848141]]), array([[-0.07096565],
       [-0.31846315],
       [-0.01673641]]), array([[-0.07022438],
       [-0.37562075],
       [-0.01331612]]), array([[-0.06865475],
       [-0.40193406],
       [-0.0121987 ]]), array([[-0.06435645],
       [-0.45465297],
       [-0.01253162]]), array([[-0.06066308],
       [-0.48297057],
       [-0.0140472 ]]), array([[-0.05312705],
       [-0.53878501],
       [-0.02059519]]), array([[-0.05161822],
       [-0.5669533 ],
       [-0.02429135]]), array([[-0.05066785],
       [-0.62620049],
       [-0.03085518]]), array([[-0.04863539],
       [-0.65896342],
       [-0.03246672]]), array([[-0.04000999],
       [-0.72303086],
       [-0.02989345]]), array([[-0.03190611],
       [-0.77861256],
       [-0.02224503]]), array([[-0.02961166],
       [-0.80168309],
       [-0.01763167]]), array([[-0.03020768],
       [-0.84121757],
       [-0.00993698]]), array([[-0.03174285],
       [-0.87440379],
       [-0.00240224]]), array([[-0.03339484],
       [-0.89177137],
       [ 0.00123221]]), array([[-0.04021589],
       [-0.92969369],
       [ 0.00323584]]), array([[-0.04505812],
       [-0.94924314],
       [ 0.00134091]]), array([[-0.04871548],
       [-0.98291401],
       [-0.00441289]]), array([[-0.04800316],
       [-1.00126975],
       [-0.00777768]]), array([[-0.04768136],
       [-1.00524067],
       [-0.00937305]]), array([[-0.04970583],
       [-1.01261655],
       [-0.0149806 ]]), array([[-0.04987869],
       [-1.01657198],
       [-0.01701331]]), array([[-0.04193606],
       [-1.022795  ],
       [-0.01494383]]), array([[-0.03285334],
       [-1.02162797],
       [-0.01169592]]), array([[-0.02989879],
       [-1.01809627],
       [-0.0107785 ]]), array([[-0.0287321 ],
       [-1.00820991],
       [-0.01081814]]), array([[-0.03132865],
       [-1.00071434],
       [-0.01288304]]), array([[-0.03149843],
       [-0.99995672],
       [-0.01422948]]), array([[-0.03083478],
       [-1.00014427],
       [-0.01482223]]), array([[-0.03043884],
       [-0.99730145],
       [-0.01676486]]), array([[-0.0322332 ],
       [-0.99100179],
       [-0.02154967]]), array([[-0.03139123],
       [-0.98717979],
       [-0.02181346]]), array([[-0.02745091],
       [-0.97388373],
       [-0.02090661]]), array([[-0.02651578],
       [-0.96198514],
       [-0.02102335]]), array([[-0.02824594],
       [-0.95876847],
       [-0.02145381]]), array([[-0.03290453],
       [-0.96181722],
       [-0.01724703]]), array([[-0.03535181],
       [-0.96941357],
       [-0.01036491]]), array([[-0.07582088],
       [-0.79576331],
       [ 0.00551193]]), array([[-0.07221946],
       [-0.77822176],
       [ 0.0026685 ]]), array([[-0.06222983],
       [-0.75623163],
       [-0.00221306]]), array([[-0.0533664 ],
       [-0.74697893],
       [-0.00396321]]), array([[-0.04864829],
       [-0.7460104 ],
       [-0.00338888]]), array([[-3.67752320e-02],
       [-7.49964562e-01],
       [ 4.76400561e-05]]), array([[-0.03048652],
       [-0.75349971],
       [ 0.00172761]]), array([[-0.02078146],
       [-0.7578356 ],
       [ 0.00499243]]), array([[-0.01762785],
       [-0.75686705],
       [ 0.00651112]]), array([[-0.01774304],
       [-0.75523731],
       [ 0.00693463]]), array([[-0.01844697],
       [-0.7527774 ],
       [ 0.0072812 ]]), array([[-0.01976413],
       [-0.74662465],
       [ 0.00892523]]), array([[-0.02105123],
       [-0.73993957],
       [ 0.01038321]]), array([[-0.02119248],
       [-0.73761441],
       [ 0.01051266]]), array([[-0.02074888],
       [-0.73536284],
       [ 0.00958226]]), array([[-0.01974728],
       [-0.73465387],
       [ 0.008596  ]]), array([[-0.01542273],
       [-0.73736446],
       [ 0.00733683]]), array([[-0.01308399],
       [-0.73829711],
       [ 0.00675351]]), array([[-0.01120545],
       [-0.73737179],
       [ 0.00656204]]), array([[-0.01282496],
       [-0.73650925],
       [ 0.00553378]]), array([[-0.01391275],
       [-0.73616844],
       [ 0.00412974]]), array([[-0.01432771],
       [-0.73677657],
       [ 0.00211192]]), array([[-0.01245953],
       [-0.73947498],
       [-0.00121765]]), array([[-0.0108164 ],
       [-0.74020779],
       [-0.00171909]]), array([[-0.01027101],
       [-0.7421701 ],
       [-0.00203374]]), array([[-0.01296338],
       [-0.74173894],
       [-0.00100615]]), array([[-0.01409641],
       [-0.74107027],
       [-0.00126483]]), array([[-0.01470627],
       [-0.7408069 ],
       [-0.00172028]]), array([[-0.01473032],
       [-0.74162725],
       [-0.0022841 ]]), array([[-0.01548183],
       [-0.74461475],
       [-0.00136232]]), array([[-1.63734888e-02],
       [-7.44414587e-01],
       [-1.58627253e-04]]), array([[-0.01885373],
       [-0.74449575],
       [ 0.00173363]]), array([[-0.01757296],
       [-0.74798712],
       [ 0.0016514 ]]), array([[-0.01707641],
       [-0.74852496],
       [ 0.00087915]]), array([[-1.75478103e-02],
       [-7.48242002e-01],
       [-1.19013206e-04]]), array([[-0.01921163],
       [-0.74798361],
       [-0.0019275 ]]), array([[-0.01955489],
       [-0.74955298],
       [-0.00279333]]), array([[-0.01729266],
       [-0.75467011],
       [-0.00336081]]), array([[-0.01299565],
       [-0.76139285],
       [-0.00364314]]), array([[-0.01229013],
       [-0.76358853],
       [-0.00380695]]), array([[-0.01210587],
       [-0.76294605],
       [-0.00442568]]), array([[-0.01240317],
       [-0.76162127],
       [-0.00447405]]), array([[-0.01270872],
       [-0.75064231],
       [-0.00602823]]), array([[-0.01674846],
       [-0.72678868],
       [-0.0090054 ]]), array([[-0.01963217],
       [-0.71143235],
       [-0.01111182]]), array([[-0.02097151],
       [-0.69516022],
       [-0.01359376]]), array([[-0.02343639],
       [-0.657546  ],
       [-0.01766984]]), array([[-0.03131865],
       [-0.60610393],
       [-0.01868882]]), array([[-0.03670019],
       [-0.57567049],
       [-0.01840482]]), array([[-0.04910303],
       [-0.50591843],
       [-0.01615809]]), array([[-0.05598937],
       [-0.46932872],
       [-0.01513378]]), array([[-0.06402101],
       [-0.40099819],
       [-0.0154879 ]]), array([[-0.0629649 ],
       [-0.34190649],
       [-0.02011292]]), array([[-0.05929588],
       [-0.31614014],
       [-0.02207724]]), array([[-0.05584216],
       [-0.26360528],
       [-0.02602177]]), array([[-0.05281618],
       [-0.21323987],
       [-0.02594867]]), array([[-0.05113087],
       [-0.18898414],
       [-0.02458337]]), array([[-0.05119012],
       [-0.16361134],
       [-0.02195605]]), array([[-0.0536906 ],
       [-0.10464507],
       [-0.01069837]]), array([[-0.0537935 ],
       [-0.07701994],
       [-0.00328909]]), array([[-0.05149425],
       [-0.01443794],
       [ 0.01456463]]), array([[-0.04214903],
       [ 0.04705012],
       [ 0.03291841]]), array([[-0.04452231],
       [ 0.0791158 ],
       [ 0.03980777]]), array([[-0.05086901],
       [ 0.1455513 ],
       [ 0.04708397]]), array([[-0.0558679 ],
       [ 0.20071945],
       [ 0.05047735]]), array([[-0.05895165],
       [ 0.22361598],
       [ 0.05182804]]), array([[-0.06107103],
       [ 0.26809377],
       [ 0.05081235]]), array([[-0.06414699],
       [ 0.31988298],
       [ 0.04594507]]), array([[-0.06712101],
       [ 0.34881597],
       [ 0.04412489]]), array([[-0.07043675],
       [ 0.38052516],
       [ 0.04285036]]), array([[-0.07386607],
       [ 0.44261182],
       [ 0.04070876]]), array([[-0.07360656],
       [ 0.49636874],
       [ 0.03587968]]), array([[-0.06365045],
       [ 0.53864529],
       [ 0.02871702]]), array([[-0.05268747],
       [ 0.5537129 ],
       [ 0.02511436]]), array([[-0.02206359],
       [ 0.57478241],
       [ 0.01951246]]), array([[-0.00354758],
       [ 0.58261196],
       [ 0.01792465]]), array([[0.04009554],
       [0.59108988],
       [0.0136521 ]]), array([[0.08542093],
       [0.5973081 ],
       [0.01144197]]), array([[0.12343872],
       [0.60353015],
       [0.01056298]]), array([[0.14050271],
       [0.60672136],
       [0.01103802]]), array([[0.16976741],
       [0.61154549],
       [0.00983466]]), array([[0.18068559],
       [0.61437694],
       [0.0085154 ]]), array([[0.20321218],
       [0.61636869],
       [0.00453048]]), array([[ 0.23103772],
       [ 0.61218194],
       [-0.00410738]]), array([[ 0.24857382],
       [ 0.607996  ],
       [-0.00956244]]), array([[ 0.2890155 ],
       [ 0.59785727],
       [-0.02023935]]), array([[ 0.32735565],
       [ 0.59029088],
       [-0.0287116 ]]), array([[ 0.36130848],
       [ 0.58358308],
       [-0.03431825]]), array([[ 0.37684564],
       [ 0.58051151],
       [-0.0365002 ]]), array([[ 0.4110784 ],
       [ 0.57121587],
       [-0.04382537]]), array([[ 0.44567388],
       [ 0.55748163],
       [-0.04978055]]), array([[ 0.47394308],
       [ 0.54205749],
       [-0.05560927]]), array([[ 0.48780322],
       [ 0.53337291],
       [-0.05817168]]), array([[ 0.51346577],
       [ 0.51898925],
       [-0.05937818]]), array([[ 0.52636984],
       [ 0.5148015 ],
       [-0.05865723]]), array([[ 0.55247305],
       [ 0.50917755],
       [-0.05971374]]), array([[ 0.57989657],
       [ 0.50495862],
       [-0.06056324]]), array([[ 0.60438513],
       [ 0.49827906],
       [-0.06380252]]), array([[ 0.62931306],
       [ 0.4915973 ],
       [-0.06667721]]), array([[ 0.64184976],
       [ 0.48583733],
       [-0.06910412]]), array([[ 0.66547868],
       [ 0.474696  ],
       [-0.07251444]]), array([[ 0.68789254],
       [ 0.46677498],
       [-0.07177432]]), array([[ 0.70705634],
       [ 0.46166345],
       [-0.06849393]]), array([[ 0.7254923 ],
       [ 0.45111961],
       [-0.06837823]]), array([[ 0.73511579],
       [ 0.4463186 ],
       [-0.0663021 ]]), array([[ 0.75365878],
       [ 0.4366542 ],
       [-0.05896178]]), array([[ 0.77347085],
       [ 0.42088245],
       [-0.05431926]]), array([[ 0.78272743],
       [ 0.40763083],
       [-0.05451738]]), array([[ 0.80361115],
       [ 0.37582864],
       [-0.05378043]]), array([[ 0.82214234],
       [ 0.33681059],
       [-0.04925659]]), array([[ 0.83204219],
       [ 0.3017317 ],
       [-0.02509819]]), array([[0.84078942],
       [0.26431932],
       [0.00673706]]), array([[0.85181145],
       [0.2223297 ],
       [0.04143042]]), array([[0.86019464],
       [0.18186186],
       [0.0777099 ]]), array([[0.86587129],
       [0.13949632],
       [0.10694269]]), array([[0.87107212],
       [0.09452075],
       [0.13605063]]), array([[0.87108337],
       [0.07478453],
       [0.15359698]]), array([[0.86978371],
       [0.04267296],
       [0.19108305]]), array([[0.86475854],
       [0.0138393 ],
       [0.22618678]]), array([[ 0.85844051],
       [-0.01143014],
       [ 0.24887396]]), array([[ 0.84915692],
       [-0.03114187],
       [ 0.26447178]]), array([[ 0.83404661],
       [-0.0404799 ],
       [ 0.27875855]]), array([[ 0.81885451],
       [-0.05021438],
       [ 0.28444629]]), array([[ 0.80687978],
       [-0.05611422],
       [ 0.28819566]]), array([[ 0.78084198],
       [-0.07444393],
       [ 0.29468122]]), array([[ 0.76873432],
       [-0.11030899],
       [ 0.29739669]]), array([[ 0.76974943],
       [-0.15501735],
       [ 0.310383  ]]), array([[ 0.78915161],
       [-0.19762436],
       [ 0.33372594]]), array([[ 0.82216214],
       [-0.23544925],
       [ 0.35884581]]), array([[ 0.84019833],
       [-0.25160355],
       [ 0.37194327]]), array([[ 0.86790432],
       [-0.27632223],
       [ 0.39901945]]), array([[ 0.87970868],
       [-0.28811349],
       [ 0.42023402]]), array([[ 0.88364152],
       [-0.29161543],
       [ 0.43300056]]), array([[ 0.89271832],
       [-0.2950224 ],
       [ 0.43377088]]), array([[ 0.89806565],
       [-0.29605545],
       [ 0.43275613]]), array([[ 0.91034593],
       [-0.29919818],
       [ 0.4299725 ]]), array([[ 0.92293517],
       [-0.3033492 ],
       [ 0.43002999]]), array([[ 0.93847189],
       [-0.31084786],
       [ 0.43438296]]), array([[ 0.95831487],
       [-0.32199492],
       [ 0.44475761]]), array([[ 0.96792629],
       [-0.32807703],
       [ 0.45246247]]), array([[ 0.98295682],
       [-0.33744619],
       [ 0.46651553]]), array([[ 0.97190284],
       [-0.33684634],
       [ 0.47452552]]), array([[ 0.95600166],
       [-0.33027235],
       [ 0.47372037]]), array([[ 0.91267915],
       [-0.31679454],
       [ 0.46360282]]), array([[ 0.85363148],
       [-0.30239067],
       [ 0.4570192 ]]), array([[ 0.79530566],
       [-0.28752092],
       [ 0.47649043]]), array([[ 0.73605983],
       [-0.26193906],
       [ 0.52229847]]), array([[ 0.70508459],
       [-0.23935418],
       [ 0.54605976]]), array([[ 0.64601374],
       [-0.1859038 ],
       [ 0.5724795 ]]), array([[ 0.58050649],
       [-0.11150585],
       [ 0.56663228]]), array([[ 0.52984237],
       [-0.02740334],
       [ 0.53358123]]), array([[0.49513226],
       [0.063141  ],
       [0.48910323]]), array([[0.47539629],
       [0.14966097],
       [0.43348042]]), array([[0.46530238],
       [0.19519044],
       [0.4036353 ]]), array([[0.44195478],
       [0.28864523],
       [0.34279268]]), array([[0.41251627],
       [0.38601508],
       [0.27682356]]), array([[0.37143941],
       [0.49259421],
       [0.21860935]]), array([[0.35210741],
       [0.54087714],
       [0.19190288]]), array([[0.30843245],
       [0.6356932 ],
       [0.14851788]]), array([[0.26319559],
       [0.72136702],
       [0.11556024]]), array([[0.22375117],
       [0.79630415],
       [0.08506354]]), array([[0.20479766],
       [0.82749606],
       [0.07135723]]), array([[0.17319209],
       [0.88085594],
       [0.046017  ]]), array([[0.14843345],
       [0.92142882],
       [0.0215113 ]]), array([[0.13017714],
       [0.95095538],
       [0.00247712]]), array([[ 0.12617318],
       [ 0.95904273],
       [-0.00438621]]), array([[ 0.1256222 ],
       [ 0.96175636],
       [-0.01122006]]), array([[ 0.12828522],
       [ 0.95392237],
       [-0.02179927]]), array([[ 0.13081587],
       [ 0.9336192 ],
       [-0.02888813]]), array([[ 0.13394504],
       [ 0.91323639],
       [-0.03489344]]), array([[ 0.13836419],
       [ 0.84412344],
       [-0.05056513]]), array([[ 0.13496897],
       [ 0.74495072],
       [-0.061175  ]]), array([[ 0.13222438],
       [ 0.68099531],
       [-0.06732048]]), array([[ 0.12071273],
       [ 0.52171923],
       [-0.0795665 ]])]
tvecs : 

[array([[-3.55093678],
       [-2.92899279],
       [31.77173027]]), array([[-3.54277996],
       [-2.64897395],
       [31.66925375]]), array([[-3.51956746],
       [-1.95362998],
       [31.56648109]]), array([[-3.48360991],
       [-1.21431374],
       [31.49200554]]), array([[-3.46729946],
       [-0.84358035],
       [31.48964363]]), array([[-3.48621338],
       [-0.13908748],
       [31.48158616]]), array([[-3.51872839],
       [ 0.26187524],
       [31.45188228]]), array([[-3.56464686],
       [ 0.40833729],
       [31.38795666]]), array([[-3.600369  ],
       [ 0.42399938],
       [31.3712734 ]]), array([[-3.6333707 ],
       [ 0.41170987],
       [31.33614385]]), array([[-3.6748981 ],
       [ 0.36505022],
       [31.2680764 ]]), array([[-3.67287196],
       [ 0.3026368 ],
       [31.12716557]]), array([[-3.65851421],
       [ 0.27276309],
       [31.06151617]]), array([[-3.6203291 ],
       [ 0.23333764],
       [30.88191798]]), array([[-3.59576058],
       [ 0.23940309],
       [30.72348138]]), array([[-3.59519203],
       [ 0.25914145],
       [30.64222945]]), array([[-3.61993891],
       [ 0.31392262],
       [30.5350351 ]]), array([[-3.65620306],
       [ 0.29171094],
       [30.44756869]]), array([[-3.6647247 ],
       [ 0.22771516],
       [30.39961294]]), array([[-3.67505207],
       [ 0.04760326],
       [30.32376795]]), array([[-3.68188282],
       [-0.03620172],
       [30.26570473]]), array([[-3.6930763 ],
       [-0.15225373],
       [30.12701825]]), array([[-3.69065226],
       [-0.19460296],
       [30.06256756]]), array([[-3.69013639],
       [-0.26674301],
       [29.95490471]]), array([[-3.68963931],
       [-0.30458662],
       [29.90790327]]), array([[-3.68940501],
       [-0.39854513],
       [29.79355307]]), array([[-3.66988556],
       [-0.50101453],
       [29.66350468]]), array([[-3.646396  ],
       [-0.5515925 ],
       [29.59624034]]), array([[-3.56156574],
       [-0.66263669],
       [29.43349556]]), array([[-3.45522495],
       [-0.77525358],
       [29.26035923]]), array([[-3.4027231 ],
       [-0.81795447],
       [29.18246966]]), array([[-3.30828531],
       [-0.87609596],
       [29.04083557]]), array([[-3.26178754],
       [-0.8879509 ],
       [28.96861616]]), array([[-3.17542249],
       [-0.89333582],
       [28.87428246]]), array([[-3.1344383 ],
       [-0.89374664],
       [28.84446842]]), array([[-3.01052065],
       [-0.88382113],
       [28.78776825]]), array([[-2.91538602],
       [-0.86898582],
       [28.7308937 ]]), array([[-2.70112914],
       [-0.81305797],
       [28.65079709]]), array([[-2.49430945],
       [-0.75901754],
       [28.58915631]]), array([[-2.40675581],
       [-0.74037712],
       [28.57901479]]), array([[-2.26596045],
       [-0.73684633],
       [28.55744416]]), array([[-2.16891524],
       [-0.75853657],
       [28.52999513]]), array([[-2.13739728],
       [-0.77760975],
       [28.52198207]]), array([[-2.10869342],
       [-0.84688681],
       [28.54914089]]), array([[-2.0934092 ],
       [-0.88024068],
       [28.5567212 ]]), array([[-2.04131158],
       [-0.93322928],
       [28.57711643]]), array([[-2.01439448],
       [-0.98264378],
       [28.53829365]]), array([[-2.02840496],
       [-0.99888766],
       [28.51086501]]), array([[-2.08825204],
       [-1.01598927],
       [28.47067503]]), array([[-2.12128596],
       [-1.01339879],
       [28.44064391]]), array([[-2.18645998],
       [-0.96240886],
       [28.35643906]]), array([[-2.26040133],
       [-0.89073014],
       [28.28936156]]), array([[-2.30110038],
       [-0.86213024],
       [28.27985637]]), array([[-2.37022801],
       [-0.84599663],
       [28.22756542]]), array([[-2.39181044],
       [-0.8530806 ],
       [28.16334115]]), array([[-2.37462497],
       [-0.85344905],
       [28.11351506]]), array([[-2.33746047],
       [-0.84941693],
       [28.06741214]]), array([[-2.21568007],
       [-0.83362837],
       [28.00446382]]), array([[-2.0292682 ],
       [-0.80918794],
       [27.93485763]]), array([[-1.90243662],
       [-0.78982152],
       [27.87767548]]), array([[-1.60628206],
       [-0.74814999],
       [27.77007775]]), array([[-1.28244225],
       [-0.7222634 ],
       [27.66948643]]), array([[-1.07782041],
       [-0.71486693],
       [27.63563134]]), array([[-0.55368535],
       [-0.73942049],
       [27.58536622]]), array([[ 0.08556389],
       [-0.79423504],
       [27.50970365]]), array([[ 3.20235707],
       [-1.10629468],
       [27.07224736]]), array([[ 3.4416377 ],
       [-1.1197213 ],
       [27.03848623]]), array([[ 3.91019201],
       [-1.12375738],
       [27.00225795]]), array([[ 4.33092636],
       [-1.09578687],
       [26.96141975]]), array([[ 4.52109359],
       [-1.06989847],
       [26.95535672]]), array([[ 4.84636566],
       [-1.00201436],
       [26.93647065]]), array([[ 4.97489928],
       [-0.96223057],
       [26.94391186]]), array([[ 5.15543816],
       [-0.90778929],
       [26.9656005 ]]), array([[ 5.23736937],
       [-0.89369128],
       [27.00413534]]), array([[ 5.24874826],
       [-0.90188279],
       [27.01047532]]), array([[ 5.24672546],
       [-0.91149225],
       [27.01136644]]), array([[ 5.21220978],
       [-0.93324269],
       [27.00626839]]), array([[ 5.1440033 ],
       [-0.9552358 ],
       [27.01400216]]), array([[ 5.10376392],
       [-0.96390959],
       [27.01300051]]), array([[ 5.01185069],
       [-0.9645099 ],
       [27.00520716]]), array([[ 4.962041  ],
       [-0.95529712],
       [27.0053857 ]]), array([[ 4.85042061],
       [-0.92114799],
       [26.99511758]]), array([[ 4.78126426],
       [-0.89820601],
       [27.00496189]]), array([[ 4.61651346],
       [-0.86813942],
       [27.05250191]]), array([[ 4.42375894],
       [-0.86906885],
       [27.10758208]]), array([[ 4.31824767],
       [-0.87091435],
       [27.1303198 ]]), array([[ 4.21123989],
       [-0.86516338],
       [27.14087925]]), array([[ 4.00102392],
       [-0.83266443],
       [27.14882264]]), array([[ 3.89682757],
       [-0.81860811],
       [27.16033636]]), array([[ 3.67400757],
       [-0.81820223],
       [27.19041504]]), array([[ 3.41367201],
       [-0.86243373],
       [27.21797603]]), array([[ 3.26994345],
       [-0.88686897],
       [27.22093572]]), array([[ 2.98848733],
       [-0.92500923],
       [27.23671197]]), array([[ 2.85450828],
       [-0.94207408],
       [27.25350768]]), array([[ 2.60338259],
       [-0.97882683],
       [27.27321999]]), array([[ 2.4742162 ],
       [-0.99597851],
       [27.28614662]]), array([[ 2.21343234],
       [-1.02177015],
       [27.3136736 ]]), array([[ 1.96402646],
       [-1.03090187],
       [27.31901066]]), array([[ 1.84067581],
       [-1.03595382],
       [27.3353899 ]]), array([[ 1.71220317],
       [-1.04591167],
       [27.34496525]]), array([[ 1.46067948],
       [-1.06822985],
       [27.33620922]]), array([[ 1.348853  ],
       [-1.07362004],
       [27.32978426]]), array([[ 1.14876201],
       [-1.07197316],
       [27.3011507 ]]), array([[ 0.96309121],
       [-1.06060177],
       [27.2837002 ]]), array([[ 0.8629692 ],
       [-1.06085899],
       [27.27250285]]), array([[ 0.63435006],
       [-1.05900161],
       [27.22547062]]), array([[ 0.51378108],
       [-1.0549409 ],
       [27.20176233]]), array([[ 0.26314091],
       [-1.04622798],
       [27.17428866]]), array([[-1.37634981e-02],
       [-1.02982940e+00],
       [ 2.71566472e+01]]), array([[-0.15577367],
       [-1.01569399],
       [27.14640075]]), array([[-0.29253819],
       [-0.99126172],
       [27.14111865]]), array([[-0.55340599],
       [-0.94157672],
       [27.16349744]]), array([[-0.83292737],
       [-0.92677333],
       [27.21677466]]), array([[-0.9789209 ],
       [-0.92692452],
       [27.24452819]]), array([[-1.27631536],
       [-0.92969979],
       [27.31603213]]), array([[-1.41798219],
       [-0.92991127],
       [27.36195741]]), array([[-1.65242988],
       [-0.91932636],
       [27.41905527]]), array([[-1.84550148],
       [-0.89215194],
       [27.46926727]]), array([[-1.93062863],
       [-0.87846423],
       [27.48530885]]), array([[-2.10518813],
       [-0.86119176],
       [27.55941289]]), array([[-2.25381846],
       [-0.84928783],
       [27.65363941]]), array([[-2.31477183],
       [-0.85655624],
       [27.6886336 ]]), array([[-2.37580048],
       [-0.8615656 ],
       [27.73275549]]), array([[-2.48952313],
       [-0.88252736],
       [27.85237122]]), array([[-2.54368477],
       [-0.89379735],
       [27.8921167 ]]), array([[-2.63115199],
       [-0.9241797 ],
       [27.98334291]]), array([[-2.67797489],
       [-0.99409778],
       [28.07159765]]), array([[-2.70316977],
       [-1.04242512],
       [28.16335077]]), array([[-2.77205917],
       [-1.13511161],
       [28.33926285]]), array([[-2.85550328],
       [-1.18511435],
       [28.45340794]]), array([[-2.89678872],
       [-1.19363669],
       [28.51207217]]), array([[-2.97778152],
       [-1.19537776],
       [28.63367598]]), array([[-3.0487535 ],
       [-1.18284638],
       [28.83855614]]), array([[-3.07901766],
       [-1.1825059 ],
       [28.969133  ]]), array([[-3.10446527],
       [-1.1866467 ],
       [29.10226059]]), array([[-3.13941409],
       [-1.19189918],
       [29.33423319]]), array([[-3.1550483 ],
       [-1.16119547],
       [29.52148918]]), array([[-3.16260801],
       [-1.08515601],
       [29.59520258]]), array([[-3.1687972 ],
       [-1.02436142],
       [29.59547393]]), array([[-3.18087379],
       [-0.8736142 ],
       [29.58208763]]), array([[-3.1843733 ],
       [-0.80445629],
       [29.58950563]]), array([[-3.18857568],
       [-0.69543439],
       [29.55980565]]), array([[-3.18222361],
       [-0.67190539],
       [29.55512231]]), array([[-3.18814258],
       [-0.71370095],
       [29.56475319]]), array([[-3.20033847],
       [-0.7502754 ],
       [29.56120632]]), array([[-3.2486588 ],
       [-0.80856073],
       [29.55346262]]), array([[-3.27774892],
       [-0.83303073],
       [29.57461857]]), array([[-3.33747091],
       [-0.90080112],
       [29.6125609 ]]), array([[-3.3858818 ],
       [-0.98873941],
       [29.56796535]]), array([[-3.3992499 ],
       [-1.01917001],
       [29.52387033]]), array([[-3.39547911],
       [-1.04969184],
       [29.38316501]]), array([[-3.36067973],
       [-1.05510147],
       [29.27471711]]), array([[-3.31401432],
       [-1.03937148],
       [29.17676576]]), array([[-3.291695  ],
       [-1.02695659],
       [29.13120979]]), array([[-3.25892643],
       [-0.97237363],
       [29.03204355]]), array([[-3.23923042],
       [-0.9337047 ],
       [28.93456797]]), array([[-3.25475589],
       [-0.90733318],
       [28.80798613]]), array([[-3.2722415 ],
       [-0.89143695],
       [28.76095208]]), array([[-3.32301253],
       [-0.88956705],
       [28.65682323]]), array([[-3.35201878],
       [-0.90219918],
       [28.61337927]]), array([[-3.41389533],
       [-0.90378265],
       [28.54797893]]), array([[-3.47280166],
       [-0.8936034 ],
       [28.49583715]]), array([[-3.53293583],
       [-0.86983548],
       [28.45219519]]), array([[-3.58427676],
       [-0.85536016],
       [28.37443115]]), array([[-3.60852372],
       [-0.83660062],
       [28.3260418 ]]), array([[-3.66066297],
       [-0.79992805],
       [28.25570073]]), array([[-3.70699331],
       [-0.77361419],
       [28.17779902]]), array([[-3.75602504],
       [-0.74762339],
       [28.1241898 ]]), array([[-3.80972958],
       [-0.68611527],
       [28.05496857]]), array([[-3.83679831],
       [-0.66624797],
       [28.02866106]]), array([[-3.8865857 ],
       [-0.65936739],
       [27.95481842]]), array([[-3.92649315],
       [-0.66445552],
       [27.85525278]]), array([[-3.94798866],
       [-0.64714772],
       [27.7999016 ]]), array([[-3.97361812],
       [-0.60694216],
       [27.68115478]]), array([[-3.9927252 ],
       [-0.55841579],
       [27.52260329]]), array([[-4.0261661 ],
       [-0.56617159],
       [27.37644783]]), array([[-4.07540233],
       [-0.59621204],
       [27.17783198]]), array([[-4.11021481],
       [-0.64853242],
       [26.9640955 ]]), array([[-4.12668668],
       [-0.7549347 ],
       [26.70660452]]), array([[-4.11515599],
       [-0.86607507],
       [26.44552886]]), array([[-4.08413916],
       [-0.97436075],
       [26.19754799]]), array([[-4.07049001],
       [-1.04661897],
       [26.08715886]]), array([[-4.04305046],
       [-1.21588007],
       [25.85106394]]), array([[-4.0154541 ],
       [-1.38362199],
       [25.65629888]]), array([[-3.99951929],
       [-1.49453716],
       [25.50380851]]), array([[-3.97716833],
       [-1.57484412],
       [25.3956149 ]]), array([[-3.96922753],
       [-1.66136435],
       [25.3015416 ]]), array([[-3.9402974 ],
       [-1.71624021],
       [25.1953352 ]]), array([[-3.91518252],
       [-1.75974295],
       [25.15323917]]), array([[-3.81979842],
       [-1.83061737],
       [25.07792069]]), array([[-3.64652177],
       [-1.79310406],
       [25.01023728]]), array([[-3.45218709],
       [-1.69604086],
       [24.92207709]]), array([[-3.29822083],
       [-1.54948798],
       [24.83853439]]), array([[-3.22700866],
       [-1.34611934],
       [24.78553225]]), array([[-3.22234679],
       [-1.24401345],
       [24.76105806]]), array([[-3.25714372],
       [-1.10991895],
       [24.72183444]]), array([[-3.32292091],
       [-1.04990964],
       [24.69998019]]), array([[-3.3772485 ],
       [-0.97534569],
       [24.69883252]]), array([[-3.41435541],
       [-0.82247892],
       [24.71338727]]), array([[-3.42846826],
       [-0.72068998],
       [24.74176806]]), array([[-3.44123624],
       [-0.50949364],
       [24.76664398]]), array([[-3.44003081],
       [-0.31489113],
       [24.78963373]]), array([[-3.42453353],
       [-0.14897052],
       [24.79076263]]), array([[-3.40880192],
       [-0.02545699],
       [24.76989194]]), array([[-3.40753578e+00],
       [ 9.82556736e-03],
       [ 2.47610538e+01]]), array([[-3.43268375],
       [ 0.03921733],
       [24.74886553]]), array([[-3.47198969],
       [-0.05874606],
       [24.7307763 ]]), array([[-3.50335569],
       [-0.15202363],
       [24.74152249]]), array([[-3.56344595],
       [-0.36588277],
       [24.79906801]]), array([[-3.61536383],
       [-0.65116918],
       [24.87274861]]), array([[-3.64061635],
       [-1.00791037],
       [24.94600677]]), array([[-3.68484428],
       [-1.42520558],
       [25.00294432]]), array([[-3.72046808],
       [-1.64749247],
       [25.05909135]]), array([[-3.8198461 ],
       [-2.03552634],
       [25.23813175]]), array([[-3.94928387],
       [-2.37024948],
       [25.54855097]]), array([[-4.13407251],
       [-2.51768982],
       [25.94370147]]), array([[-4.35773945],
       [-2.50571542],
       [26.41300204]]), array([[-4.57348512],
       [-2.37625457],
       [26.92643179]]), array([[-4.67384794],
       [-2.29597228],
       [27.22300881]]), array([[-4.82923754],
       [-2.12512646],
       [27.84899228]]), array([[-4.92691129],
       [-1.91163476],
       [28.60833337]]), array([[-4.95347874],
       [-1.74853763],
       [29.44604588]]), array([[-4.95448097],
       [-1.66817244],
       [29.85765023]]), array([[-4.91852921],
       [-1.57098211],
       [30.6646236 ]]), array([[-4.85509656],
       [-1.53633878],
       [31.30805225]]), array([[-4.77156522],
       [-1.51761865],
       [31.79763701]]), array([[-4.73379014],
       [-1.50989201],
       [31.99683273]]), array([[-4.64996368],
       [-1.48490049],
       [32.25981574]]), array([[-4.57158556],
       [-1.42435423],
       [32.45811122]]), array([[-4.47230422],
       [-1.36774801],
       [32.55976512]]), array([[-4.4199031 ],
       [-1.34066938],
       [32.55221437]]), array([[-4.36720076],
       [-1.30986596],
       [32.50607992]]), array([[-4.24750053],
       [-1.24796928],
       [32.33585034]]), array([[-4.08793992],
       [-1.20104237],
       [32.09562032]]), array([[-4.00930747],
       [-1.18465154],
       [31.91961655]]), array([[-3.91138116],
       [-1.20873293],
       [31.45074251]]), array([[-3.88462176],
       [-1.36903279],
       [30.68918192]]), array([[-3.91754842],
       [-1.49649207],
       [30.2022892 ]]), array([[-4.05275442],
       [-1.90663571],
       [28.941072  ]])]

